应付金额
15750.00
412.50
6600.00
550.00
5500.00
3300.00
550.00
4875.00
975.00
5850.00
2925.00
625.00
1250.00
1250.00
3750.00
6250.00
2500.00
850.00
1700.00
2550.00
2550.00
1700.00
1700.00
1700.00
2050.00
1025.00
6150.00
4100.00
2050.00
1150.00
1150.00
4312.50
2012.49
575.00
1150.00
2300.00
1150.00
850.00
850.00
2550.00
2550.00
850.00
3400.00
850.00
9225.00
6150.00
328.12
3700.00
2775.00
3700.00
2775.00
925.00
131.25
3150.00
4875.00
1950.00
4050.00
4556.25
3543.75
5400.00
2700.00
2250.00
4950.00
3600.00
2250.00
450.00
6000.00
1200.00
10800.00
3900.00
1950.00
5850.00
275.00
7200.00
2400.00
4800.00
7349.99
5250.00
9000.00
4000.00
4100.00
4100.00
3075.00
3450.00
2300.00
5750.00
4600.00
287521.85